11
Claviceps_purpurea_clp1    0.0000000 9.0000000 0.6688634 9.0000000 0.3014058 0.2986836 9.0000000 9.0000000 9.0000000 9.0000000 9.0000000 
Claviceps_purpurea_clp2    9.0000000 0.0000000 9.0000000 2.3133958 9.0000000 9.0000000 0.0000010 0.2221994 0.2221994 0.2160313 0.2160313 
Claviceps_fusiformis_clf1  0.6688634 9.0000000 0.0000000 2.5738200 0.6067677 0.5932612 9.0000000 9.0000000 9.0000000 9.0000000 9.0000000 
Claviceps_paspali_cpas1    9.0000000 2.3133958 2.5738200 0.0000000 2.1563281 2.3691996 2.3133958 2.7639760 2.7639760 2.7924602 2.7924602 
Claviceps_paspali_cpas2    0.3014058 9.0000000 0.6067677 2.1563281 0.0000000 0.0035043 9.0000000 9.0000000 9.0000000 9.0000000 9.0000000 
Claviceps_sorghicola_cjap2 0.2986836 9.0000000 0.5932612 2.3691996 0.0035043 0.0000000 9.0000000 9.0000000 9.0000000 9.0000000 9.0000000 
Claviceps_sorghicola_cjap4 9.0000000 0.0000010 9.0000000 2.3133958 9.0000000 9.0000000 0.0000000 0.2221994 0.2221994 0.2160313 0.2160313 
Claviceps_africana_cla2    9.0000000 0.2221994 9.0000000 2.7639760 9.0000000 9.0000000 0.2221994 0.0000000 0.0031120 0.0031413 0.0031413 
Claviceps_africana_cla7    9.0000000 0.2221994 9.0000000 2.7639760 9.0000000 9.0000000 0.2221994 0.0031120 0.0000000 0.0000010 0.0000010 
Claviceps_africana_cls1    9.0000000 0.2160313 9.0000000 2.7924602 9.0000000 9.0000000 0.2160313 0.0031413 0.0000010 0.0000000 0.0000010 
Claviceps_africana_cls2    9.0000000 0.2160313 9.0000000 2.7924602 9.0000000 9.0000000 0.2160313 0.0031413 0.0000010 0.0000010 0.0000000 
